 1901   1.59084       1.64550       1.06649       1.00830       1.66510      0.250638      0.270336      0.289495       1.04241       2.53430       1.51559       1.34785    
 1902  0.465216       1.94417      0.918391       1.07019       1.03429      0.271009      0.184019      0.235891      0.705063       1.92365       1.77148       2.17945    
 1903   1.28484      0.601099       1.04424      0.960529      0.443777      0.784905      0.898099E-01  0.596401E-01  0.936945      0.853917       1.80695       2.69677    
 1904   2.84335       1.72204       1.77422       1.32042      0.136993      0.657638      0.136448      0.134317      0.927435       1.00432      0.815589       1.29158    
 1905   1.57467       1.13248      0.758029      0.736626       1.52136      0.482483      0.361892      0.246731      0.502721       1.79699       1.19277       2.32542    
 1906   2.56181       2.32451       1.02106       1.02204      0.799950      0.636307      0.357664      0.162691       1.20626      0.958901       1.32777       1.71107    
 1907   1.74359       2.23740      0.569726       1.28021      0.341232      0.376525      0.168219      0.185588       1.44724       1.59216       1.25796      0.430220    
 1908   1.27237       1.67986       2.99370       1.24234      0.445278      0.287352      0.995266E-01  0.251999      0.659077       1.76747       1.07316       2.26834    
 1909   1.59878       1.17897       1.29496       1.16241      0.864879      0.500452      0.154949      0.130026      0.528896       1.50955       1.06077      0.709303    
 1910   1.44227       1.86264      0.875588      0.881894       2.25789      0.384259      0.828939E-01  0.410164E-01  0.648498      0.166169      0.418978       2.30017    
 1911   2.48467      0.921037       2.04391       1.38682       1.33900      0.293681      0.436314      0.997092E-01  0.509054       1.70865       1.77257       1.26375    
 1912   2.07167      0.601199      0.363566       1.35809      0.246449      0.509411      0.419457E-02  0.236894       1.68537       1.83979      0.907173      0.875473    
 1913   1.96097       2.74356      0.589347      0.831077      0.507740      0.885220E-01  0.134349E-01  0.445668E-01  0.951500E-01  0.946395      0.516016      0.818213    
 1914   2.37575       1.64512      0.890008      0.887283       1.15257      0.265404      0.556607E-01  0.341119      0.527702      0.915073       1.19661      0.876839    
 1915   2.52959       1.56437       1.45148       1.69031      0.951087       1.40018      0.118269      0.329896      0.948721       1.51946       1.12942       1.17070    
 1916   1.42844       1.97891       1.22963       1.20802       1.11993      0.263100      0.567230E-01  0.199294      0.993611      0.629002       2.87096       1.35873    
 1917   1.96270       1.40038       1.82057      0.333918      0.903096       1.21077      0.111322E-01  0.523393E-01  0.115215      0.761062       2.49597       1.44710    
 1918  0.670770      0.871692       2.03679       1.54829       1.17461      0.688981      0.262531      0.140407      0.777342       1.41255       2.44451       1.19169    
 1919   2.13314       1.39803       1.40434      0.756549       1.03500      0.722385      0.133574      0.234582       1.27994       1.08428      0.776624       1.40168    
 1920  0.586366       1.76253       1.06369      0.573076      0.304020      0.437511      0.658827E-01  0.235552      0.373111       1.09629       2.38005       1.18423    
 1921   1.05141       1.20639       1.96763       2.40948       1.57939      0.415525      0.188862      0.370686      0.654424      0.615511       1.39436       1.93551    
 1922   2.14652       1.09639      0.464821      0.288897      0.301966      0.323928      0.356520E-01  0.145526      0.484293      0.637473       1.45398       1.70073    
 1923   1.98249       1.58572       1.75385       1.54956      0.593153      0.485821      0.144154E-01  0.148060E-01  0.546505      0.704205       1.06377       1.46368    
 1924   1.33598       1.47679       1.29195      0.456925      0.467904      0.380425      0.106130      0.914227E-01  0.239797      0.770241       1.74581       1.60260    
 1925  0.301526       1.18307       1.92301       1.05389       1.53209      0.168847      0.235134      0.155879       1.50218       2.06167       1.68846      0.769272    
 1926  0.901280      0.658449      0.658157       1.14906      0.784193      0.282915      0.155711      0.314720      0.551741      0.288107       1.63180       1.40905    
 1927   1.59563       1.01519       1.17840      0.264576       1.06199      0.978178E-01  0.320638E-02  0.145361      0.681037       1.39755       1.84966       2.18310    
 1928   3.27101       1.02823       1.76161      0.664662       1.00910      0.604392E-01  0.287577      0.141040       1.70686       1.96179      0.993482       1.70542    
 1929   1.00501       2.20881       2.05862      0.280291       1.94659      0.495866      0.795600E-01  0.166157       1.15631       1.02595       1.72728      0.995322    
 1930   1.47189       1.65456      0.908648       1.38026      0.641434      0.376318      0.231795      0.350080E-01  0.561346      0.858867      0.264748       2.70831    
 1931   1.95663       2.48667      0.621000      0.792192      0.678061      0.847477E-01  0.987444E-01  0.685721E-01  0.968607      0.937917       1.81261       2.92342    
 1932  0.606060       2.01799       1.05714      0.591586      0.271881      0.106558      0.669218E-01  0.558785E-01  0.922648       1.01144       1.27221       1.47560    
 1933   1.45368       1.27619       2.16488      0.377090      0.735970      0.619525      0.498704E-01  0.652426E-01  0.564210      0.346899       2.78787       1.90248    
 1934   1.93196       1.33200       1.81635       1.03730       1.56514      0.404333      0.104891      0.316260       1.60268       2.04240       2.37153       1.70164    
 1935   2.06518       1.26456       1.57894       1.13935      0.876578      0.277881E-01  0.120246      0.598733      0.692550       2.22920       1.60413       1.72664    
 1936  0.532399       1.59114       1.07541       1.02614       1.25113      0.462259      0.272884E-01  0.290301      0.307197       2.09195       2.33882       1.59367    
 1937  0.456345      0.941976      0.675388      0.724497      0.474504      0.167990      0.415791E-02  0.516247       1.19463      0.830428      0.702514       1.45214    
 1938   1.40358       1.22647      0.328664       1.19529       1.03542      0.122917      0.431786E-01  0.493941      0.757897      0.815746       2.27382       2.34937    
 1939  0.701310       2.44601       1.39672       2.62486       1.45852      0.559367      0.657249E-01  0.609772       1.29534      0.538972       1.11130      0.755093    
 1940   2.79355      0.889660      0.875529      0.401117      0.825957      0.788116      0.132140E-01  0.444720      0.320028       1.54386       1.14359       1.38726    
 1941   1.44155      0.808606       1.09119       1.23785       1.43963      0.166716      0.182642      0.116315      0.903116       1.89108       1.59587      0.992719    
 1942   1.89981       1.83975      0.924550      0.396069      0.136853      0.228300      0.870390E-02  0.180264       1.00928      0.208896       1.50773       3.29278    
 1943  0.733999       1.45980       2.11630      0.908226      0.469251      0.114499      0.715172E-01  0.140113      0.654769       1.29957       1.49375       2.49021    
 1944  0.475601       1.98996      0.931249       1.13337      0.109758      0.337225      0.173754E-01  0.292265       1.48359       1.15815      0.618078       1.82251    
 1945   1.75443      0.320491      0.539313      0.393599      0.455525      0.262600      0.347729      0.502791E-01  0.386157      0.663920       1.44670       1.23787    
 1946   2.61899      0.378018       1.02757       1.82837       1.11970      0.149305      0.126578E-01  0.297853      0.129138      0.379217       1.07998       1.52817    
 1947  0.791835       1.48999      0.268889      0.574358      0.618085      0.112735      0.675946E-01  0.602358      0.490867       1.26241      0.473014       2.28001    
 1948   1.28949       1.40739      0.847667       1.25845       1.09323      0.759903      0.191036      0.547791E-01  0.741515       1.91460      0.781607       1.88724    
 1949   2.44303       1.82027       2.06487       1.77745       1.19158      0.861990E-01  0.945226E-01  0.938493E-01  0.187766      0.598392       1.29833       1.04251    
 1950   1.75695       1.08388       1.77579       1.42535      0.983332      0.198848      0.153488E-01  0.354117       1.30782       1.35881      0.751617       1.49890    
 1951   1.43350      0.976567       1.07885      0.238087      0.987050      0.143512      0.185079      0.216522       1.47008       2.91275       1.34523       1.11232    
 1952   2.14265       1.57748      0.839496       1.74711       1.53571      0.136152      0.404857      0.570745       1.52718      0.679638       1.30230       1.25401    
 1953   1.65530      0.921846       1.90765      0.580662       1.34175       1.08711      0.159512      0.725896      0.440204       2.07618       1.53026       1.03701    
 1954   1.50629       1.89333       1.18764       2.19038      0.736371      0.312213      0.105345      0.138765      0.163583       1.16159       1.33136       1.24415    
 1955   1.50656       1.26371      0.965997       2.38791      0.266163      0.347620      0.573608E-01  0.440705       1.70335       1.44305       1.13979      0.979179    
 1956   1.76850       3.08778       2.05109      0.850021      0.634738      0.115330      0.498661E-01  0.302450E-01   1.19330      0.950439       1.73224      0.814774    
 1957   1.84573      0.396622E-01  0.642419       1.85082       1.36596      0.529397      0.389966E-01  0.122800      0.922946       3.27458       2.99672       2.60231    
 1958   2.26337      0.683865      0.843939       1.00954      0.157345      0.229881      0.271896E-01  0.251537      0.610410       1.92031       2.84825       1.11569    
 1959  0.755933       1.63335       1.34202       1.31123       1.28347       1.29810      0.825342E-01  0.350841       1.00098       1.77813       1.90758       1.37374    
 1960   2.00805      0.765494       1.87731       2.04529       1.09189      0.525311      0.199566      0.420460E-01  0.379522      0.309569      0.328701       1.84688    
 1961   2.28381      0.201471      0.762869      0.448030      0.176330      0.968055      0.213687      0.852001E-01  0.186303      0.887221       1.16633      0.624083    
 1962  0.804210       1.89838       1.62742       1.38519      0.901211      0.676053      0.117533      0.130871      0.823198       1.60143       1.64956       1.35283    
 1963   1.15081       2.15230       1.29867      0.914578       1.42543       1.38767      0.470342      0.561955       1.20279      0.813619      0.310470       2.68129    
 1964   2.35092       1.26090       1.27341      0.973949      0.580000      0.376141      0.134194      0.765798      0.701312E-01   1.71699      0.658790       2.14239    
 1965   2.11603       1.53572       1.18412       1.22787      0.219434      0.253520      0.116633      0.322685      0.804874      0.988929      0.873743       1.22779    
 1966  0.656186      0.565220       1.39368      0.965198       1.36882      0.419555      0.627656E-01  0.143879      0.673985       1.39057       1.96051      0.785266    
 1967  0.679268       1.91911      0.629511       1.05968      0.690079      0.266327      0.412067E-01  0.228247       1.05828      0.356660       2.05708       1.62612    
 1968   1.33156       1.50854       1.33544      0.810289      0.534670      0.889632      0.266106E-01  0.634528E-01  0.475329      0.606693      0.918718       1.54243    
 1969   1.29355       1.17562       1.33752       1.25286      0.792009      0.328551      0.264303      0.621831       2.35891       3.14510      0.698572       2.07685    
 1970  0.958747      0.556441       1.12789       1.58133      0.983634      0.161140      0.184025      0.482891E-01  0.326195       1.10022      0.327862       1.68195    
 1971   1.83403       1.58543       1.41460      0.842838      0.814695      0.812409E-01  0.251735      0.377514E-01   1.51715       1.37913       1.89484      0.848933    
 1972   2.28048       1.29073       1.65109       1.76445       1.25090      0.623498      0.549835E-01  0.192261       1.47901       1.83110      0.754291       2.33971    
 1973   1.96707       2.18712       2.18730      0.870977      0.501296E-01  0.792952      0.735422E-01  0.305740      0.913182      0.799214      0.510914       2.70252    
 1974  0.268805       2.19681       1.97416       1.39777      0.238199      0.446833      0.186676      0.968691E-01  0.808952       1.73721       1.11711      0.385521    
 1975  0.578469       2.17555       1.75999      0.862805       1.62748      0.232445      0.568788E-02  0.611605      0.767861      0.512447       2.52875      0.948037    
 1976   1.61603       2.54980       1.83866      0.977782       1.79894      0.986474      0.711911      0.596473       1.14387       2.01461       2.44241      0.908593    
 1977   1.46195      0.551292      0.507681       1.44536       1.37664      0.290320      0.869618E-01  0.421462      0.595816      0.349982       1.87196      0.311978    
 1978   1.11897       1.69122      0.990148       1.46629       1.10584      0.187694      0.806865E-02  0.297778      0.129074       1.92527       1.13260      0.470319    
 1979   1.34201       2.56092       1.63128       1.59688      0.318552      0.395521      0.211637      0.342941       1.93446       1.17099       1.35411      0.634849    
 1980   1.00787       1.17853       1.78782       1.56089      0.995862      0.840841E-01  0.166867E-01  0.155554      0.457340      0.591990       1.59115       2.76672    
 1981  0.756263       1.50901      0.814065       1.13279      0.457645      0.491726      0.620686E-01  0.647574      0.530017      0.685058      0.336074       1.25459    
 1982   1.87214       1.72289       1.23704       1.85725      0.995280      0.261447      0.287299E-01  0.392697      0.602793       2.50219       3.08714       1.67446    
 1983  0.337735      0.847844      0.911090      0.203974      0.543407      0.447829      0.185072      0.497178      0.526740      0.941820       1.01222       1.10003    
 1984   1.31810       1.89498       1.33560      0.774611      0.838067      0.280383      0.193620E-01  0.156559      0.667371       2.88731      0.904701       2.14729    
 1985   2.01648      0.912238       2.47165      0.522334       1.48762      0.742611E-01  0.406103E-01  0.316121E-01  0.938600      0.905437       1.01768      0.951398    
 1986   1.18201       1.48334       2.26911      0.801110      0.630847      0.357834      0.296755      0.292790       1.17826       1.48894       2.16166       1.93926    
 1987   1.49830       2.29219       1.22092      0.623413      0.746795      0.181161      0.364326      0.616242E-01  0.298548      0.725925       1.61834      0.837174    
 1988  0.935030      0.799223      0.915649      0.978881      0.782201       1.01025      0.789736E-01  0.112245      0.794779      0.369499       1.39432       1.78036    
 1989  0.681027      0.741067      0.700476       1.50922      0.479345      0.709969      0.265601      0.815191      0.656472      0.729860      0.946657       1.22321    
 1990   1.93521      0.121440      0.855213       1.55747       1.54005      0.512093      0.323681      0.470332      0.838468      0.701969       2.05557       2.68679    
 1991   1.49631       1.91716       2.38321      0.870939      0.908012      0.198151      0.417776E-01  0.168078      0.902255       1.68369       1.06864      0.751182    
 1992   2.18133       1.03773       1.55912       1.62797       1.65374      0.433778      0.406783      0.490335E-01  0.554975      0.780002       1.76335       2.09015    
 1993  0.553010       1.56851       1.13983      0.634871       1.24636      0.787864E-01  0.529165E-01  0.144640      0.851314      0.601924       1.07054       1.11522    
 1994   1.21947       1.81122      0.484136      0.977948      0.322827      0.142078      0.142801      0.111987       1.73123       2.35167      0.473656      0.618738    
 1995   1.76288      0.435779       1.40098      0.626075      0.975254E-01  0.673621      0.164702E-01  0.356117       1.41881      0.737917       1.24897       1.35214    
 1996   1.92720       3.62082       1.87358       1.93046       1.18899      0.814902      0.296411      0.467629      0.839463      0.603940      0.616372      0.869801    
 1997   1.26490      0.531246      0.376940       1.77890      0.392008      0.442796      0.536381E-01  0.766162       1.84817       1.54865       2.39974       1.57266    
 1998  0.699163       1.15191      0.389199       1.55226       1.40641      0.233473      0.195202E-02  0.514775      0.965527       1.11619       1.34705      0.770460    
 1999   2.24979       1.30641      0.920618      0.427270      0.333416      0.193450      0.260247      0.258805      0.741586      0.694100       2.23141       2.28733    
 2000  0.499819      0.366000      0.279409      0.699810       1.47619      0.308141      0.151237E-01  0.131809      0.740237       1.37045      0.832549       1.10875    
 2001   2.47370       1.18893      0.347983      0.701580      0.952397      0.106948      0.150075E-01  0.220553       1.25330      0.386367       1.05349       1.11159    
 2002  0.546522      0.576325      0.750863      0.884391       1.06218      0.518136      0.372725      0.877913      0.499216      0.841670       2.40741       1.59261    
